{
 "cells": [
  {
   "cell_type": "code",
   "execution_count": 61,
   "metadata": {},
   "outputs": [],
   "source": [
    "import pandas as pd\n",
    "import numpy as np\n",
    "import plotly.express as px\n",
    "from sklearn.linear_model import LinearRegression, Lasso, Ridge\n",
    "from sklearn import metrics\n"
   ]
  },
  {
   "cell_type": "code",
   "execution_count": 62,
   "metadata": {},
   "outputs": [
    {
     "data": {
      "text/html": [
       "<div>\n",
       "<style scoped>\n",
       "    .dataframe tbody tr th:only-of-type {\n",
       "        vertical-align: middle;\n",
       "    }\n",
       "\n",
       "    .dataframe tbody tr th {\n",
       "        vertical-align: top;\n",
       "    }\n",
       "\n",
       "    .dataframe thead th {\n",
       "        text-align: right;\n",
       "    }\n",
       "</style>\n",
       "<table border=\"1\" class=\"dataframe\">\n",
       "  <thead>\n",
       "    <tr style=\"text-align: right;\">\n",
       "      <th></th>\n",
       "      <th>score</th>\n",
       "      <th>rating</th>\n",
       "      <th>total_turns</th>\n",
       "      <th>first_five_turns_points</th>\n",
       "      <th>max_points_turn</th>\n",
       "      <th>min_points_turn</th>\n",
       "      <th>max_min_difference</th>\n",
       "      <th>first</th>\n",
       "      <th>winner</th>\n",
       "      <th>initial_time_seconds</th>\n",
       "      <th>...</th>\n",
       "      <th>game_end_reason_CONSECUTIVE_ZEROES</th>\n",
       "      <th>game_end_reason_RESIGNED</th>\n",
       "      <th>game_end_reason_STANDARD</th>\n",
       "      <th>game_end_reason_TIME</th>\n",
       "      <th>lexicon_CSW21</th>\n",
       "      <th>lexicon_ECWL</th>\n",
       "      <th>lexicon_NSWL20</th>\n",
       "      <th>lexicon_NWL20</th>\n",
       "      <th>rating_mode_CASUAL</th>\n",
       "      <th>rating_mode_RATED</th>\n",
       "    </tr>\n",
       "  </thead>\n",
       "  <tbody>\n",
       "    <tr>\n",
       "      <th>0</th>\n",
       "      <td>335</td>\n",
       "      <td>1637</td>\n",
       "      <td>13</td>\n",
       "      <td>122</td>\n",
       "      <td>68</td>\n",
       "      <td>8</td>\n",
       "      <td>60</td>\n",
       "      <td>1</td>\n",
       "      <td>-1</td>\n",
       "      <td>1200</td>\n",
       "      <td>...</td>\n",
       "      <td>0</td>\n",
       "      <td>0</td>\n",
       "      <td>1</td>\n",
       "      <td>0</td>\n",
       "      <td>0</td>\n",
       "      <td>0</td>\n",
       "      <td>0</td>\n",
       "      <td>1</td>\n",
       "      <td>1</td>\n",
       "      <td>0</td>\n",
       "    </tr>\n",
       "    <tr>\n",
       "      <th>1</th>\n",
       "      <td>429</td>\n",
       "      <td>1500</td>\n",
       "      <td>14</td>\n",
       "      <td>95</td>\n",
       "      <td>98</td>\n",
       "      <td>2</td>\n",
       "      <td>96</td>\n",
       "      <td>0</td>\n",
       "      <td>1</td>\n",
       "      <td>1200</td>\n",
       "      <td>...</td>\n",
       "      <td>0</td>\n",
       "      <td>0</td>\n",
       "      <td>1</td>\n",
       "      <td>0</td>\n",
       "      <td>0</td>\n",
       "      <td>0</td>\n",
       "      <td>0</td>\n",
       "      <td>1</td>\n",
       "      <td>1</td>\n",
       "      <td>0</td>\n",
       "    </tr>\n",
       "    <tr>\n",
       "      <th>2</th>\n",
       "      <td>440</td>\n",
       "      <td>1811</td>\n",
       "      <td>14</td>\n",
       "      <td>136</td>\n",
       "      <td>103</td>\n",
       "      <td>13</td>\n",
       "      <td>90</td>\n",
       "      <td>0</td>\n",
       "      <td>1</td>\n",
       "      <td>900</td>\n",
       "      <td>...</td>\n",
       "      <td>0</td>\n",
       "      <td>0</td>\n",
       "      <td>1</td>\n",
       "      <td>0</td>\n",
       "      <td>1</td>\n",
       "      <td>0</td>\n",
       "      <td>0</td>\n",
       "      <td>0</td>\n",
       "      <td>0</td>\n",
       "      <td>1</td>\n",
       "    </tr>\n",
       "    <tr>\n",
       "      <th>3</th>\n",
       "      <td>318</td>\n",
       "      <td>2071</td>\n",
       "      <td>13</td>\n",
       "      <td>151</td>\n",
       "      <td>76</td>\n",
       "      <td>0</td>\n",
       "      <td>76</td>\n",
       "      <td>1</td>\n",
       "      <td>-1</td>\n",
       "      <td>900</td>\n",
       "      <td>...</td>\n",
       "      <td>0</td>\n",
       "      <td>0</td>\n",
       "      <td>1</td>\n",
       "      <td>0</td>\n",
       "      <td>1</td>\n",
       "      <td>0</td>\n",
       "      <td>0</td>\n",
       "      <td>0</td>\n",
       "      <td>0</td>\n",
       "      <td>1</td>\n",
       "    </tr>\n",
       "    <tr>\n",
       "      <th>4</th>\n",
       "      <td>119</td>\n",
       "      <td>1473</td>\n",
       "      <td>14</td>\n",
       "      <td>20</td>\n",
       "      <td>26</td>\n",
       "      <td>0</td>\n",
       "      <td>26</td>\n",
       "      <td>0</td>\n",
       "      <td>-1</td>\n",
       "      <td>3600</td>\n",
       "      <td>...</td>\n",
       "      <td>0</td>\n",
       "      <td>1</td>\n",
       "      <td>0</td>\n",
       "      <td>0</td>\n",
       "      <td>1</td>\n",
       "      <td>0</td>\n",
       "      <td>0</td>\n",
       "      <td>0</td>\n",
       "      <td>1</td>\n",
       "      <td>0</td>\n",
       "    </tr>\n",
       "  </tbody>\n",
       "</table>\n",
       "<p>5 rows × 30 columns</p>\n",
       "</div>"
      ],
      "text/plain": [
       "   score  rating  total_turns  first_five_turns_points  max_points_turn  \\\n",
       "0    335    1637           13                      122               68   \n",
       "1    429    1500           14                       95               98   \n",
       "2    440    1811           14                      136              103   \n",
       "3    318    2071           13                      151               76   \n",
       "4    119    1473           14                       20               26   \n",
       "\n",
       "   min_points_turn  max_min_difference  first  winner  initial_time_seconds  \\\n",
       "0                8                  60      1      -1                  1200   \n",
       "1                2                  96      0       1                  1200   \n",
       "2               13                  90      0       1                   900   \n",
       "3                0                  76      1      -1                   900   \n",
       "4                0                  26      0      -1                  3600   \n",
       "\n",
       "   ...  game_end_reason_CONSECUTIVE_ZEROES  game_end_reason_RESIGNED  \\\n",
       "0  ...                                   0                         0   \n",
       "1  ...                                   0                         0   \n",
       "2  ...                                   0                         0   \n",
       "3  ...                                   0                         0   \n",
       "4  ...                                   0                         1   \n",
       "\n",
       "   game_end_reason_STANDARD  game_end_reason_TIME  lexicon_CSW21  \\\n",
       "0                         1                     0              0   \n",
       "1                         1                     0              0   \n",
       "2                         1                     0              1   \n",
       "3                         1                     0              1   \n",
       "4                         0                     0              1   \n",
       "\n",
       "   lexicon_ECWL  lexicon_NSWL20  lexicon_NWL20  rating_mode_CASUAL  \\\n",
       "0             0               0              1                   1   \n",
       "1             0               0              1                   1   \n",
       "2             0               0              0                   0   \n",
       "3             0               0              0                   0   \n",
       "4             0               0              0                   1   \n",
       "\n",
       "   rating_mode_RATED  \n",
       "0                  0  \n",
       "1                  0  \n",
       "2                  1  \n",
       "3                  1  \n",
       "4                  0  \n",
       "\n",
       "[5 rows x 30 columns]"
      ]
     },
     "execution_count": 62,
     "metadata": {},
     "output_type": "execute_result"
    }
   ],
   "source": [
    "# read in data set\n",
    "df = pd.read_csv(\"../../data/Scrabble_Player_Rating_Training_Data.csv\")\n",
    "df.head()\n"
   ]
  },
  {
   "cell_type": "markdown",
   "metadata": {},
   "source": [
    "## Check if there are null data sets\n",
    "- results show nothing is null"
   ]
  },
  {
   "cell_type": "code",
   "execution_count": 63,
   "metadata": {},
   "outputs": [
    {
     "data": {
      "text/plain": [
       "score                                 0\n",
       "rating                                0\n",
       "total_turns                           0\n",
       "first_five_turns_points               0\n",
       "max_points_turn                       0\n",
       "min_points_turn                       0\n",
       "max_min_difference                    0\n",
       "first                                 0\n",
       "winner                                0\n",
       "initial_time_seconds                  0\n",
       "increment_seconds                     0\n",
       "max_overtime_minutes                  0\n",
       "game_duration_seconds                 0\n",
       "time_used                             0\n",
       "points_per_turn                       0\n",
       "points_per_second                     0\n",
       "time_control_name_blitz               0\n",
       "time_control_name_rapid               0\n",
       "time_control_name_regular             0\n",
       "time_control_name_ultrablitz          0\n",
       "game_end_reason_CONSECUTIVE_ZEROES    0\n",
       "game_end_reason_RESIGNED              0\n",
       "game_end_reason_STANDARD              0\n",
       "game_end_reason_TIME                  0\n",
       "lexicon_CSW21                         0\n",
       "lexicon_ECWL                          0\n",
       "lexicon_NSWL20                        0\n",
       "lexicon_NWL20                         0\n",
       "rating_mode_CASUAL                    0\n",
       "rating_mode_RATED                     0\n",
       "dtype: int64"
      ]
     },
     "execution_count": 63,
     "metadata": {},
     "output_type": "execute_result"
    }
   ],
   "source": [
    "df.isnull().sum()"
   ]
  },
  {
   "cell_type": "markdown",
   "metadata": {},
   "source": [
    "## Graph a Correlation Matrix "
   ]
  },
  {
   "cell_type": "code",
   "execution_count": 64,
   "metadata": {},
   "outputs": [
    {
     "data": {
      "application/vnd.plotly.v1+json": {
       "config": {
        "plotlyServerURL": "https://plot.ly"
       },
       "data": [
        {
         "coloraxis": "coloraxis",
         "hovertemplate": "x: %{x}<br>y: %{y}<br>color: %{z}<extra></extra>",
         "name": "0",
         "type": "heatmap",
         "x": [
          "score",
          "rating",
          "total_turns",
          "first_five_turns_points",
          "max_points_turn",
          "min_points_turn",
          "max_min_difference",
          "first",
          "winner",
          "initial_time_seconds",
          "increment_seconds",
          "max_overtime_minutes",
          "game_duration_seconds",
          "time_used",
          "points_per_turn",
          "points_per_second",
          "time_control_name_blitz",
          "time_control_name_rapid",
          "time_control_name_regular",
          "time_control_name_ultrablitz",
          "game_end_reason_CONSECUTIVE_ZEROES",
          "game_end_reason_RESIGNED",
          "game_end_reason_STANDARD",
          "game_end_reason_TIME",
          "lexicon_CSW21",
          "lexicon_ECWL",
          "lexicon_NSWL20",
          "lexicon_NWL20",
          "rating_mode_CASUAL",
          "rating_mode_RATED"
         ],
         "xaxis": "x",
         "y": [
          "score",
          "rating",
          "total_turns",
          "first_five_turns_points",
          "max_points_turn",
          "min_points_turn",
          "max_min_difference",
          "first",
          "winner",
          "initial_time_seconds",
          "increment_seconds",
          "max_overtime_minutes",
          "game_duration_seconds",
          "time_used",
          "points_per_turn",
          "points_per_second",
          "time_control_name_blitz",
          "time_control_name_rapid",
          "time_control_name_regular",
          "time_control_name_ultrablitz",
          "game_end_reason_CONSECUTIVE_ZEROES",
          "game_end_reason_RESIGNED",
          "game_end_reason_STANDARD",
          "game_end_reason_TIME",
          "lexicon_CSW21",
          "lexicon_ECWL",
          "lexicon_NSWL20",
          "lexicon_NWL20",
          "rating_mode_CASUAL",
          "rating_mode_RATED"
         ],
         "yaxis": "y",
         "z": [
          [
           1,
           0.4251361144652423,
           -0.13905692846611858,
           0.46099154814586263,
           0.6106539379775359,
           0.2429303264889437,
           0.3378103749923923,
           0.08527944283020969,
           0.6280262545786435,
           0.061630852920767906,
           -0.0015679315145550206,
           -0.061678587185665226,
           0.0014007002190889724,
           -0.03740153039307288,
           0.8272240460165544,
           0.24720104171874,
           -0.055747046411876694,
           0.002960844093174072,
           0.039114104131010054,
           -0.004781634243299213,
           -0.0296801324540275,
           -0.11628494512676181,
           0.16675334860022378,
           -0.11285877921720308,
           0.08296877325415321,
           -0.07583842236657358,
           -0.0002404074210688225,
           -0.03402283165358376,
           -0.07805636430101631,
           0.07805636430101652
          ],
          [
           0.4251361144652423,
           1,
           -0.23732602089354699,
           0.2979903723276315,
           0.21642000697322625,
           0.17225310135620095,
           0.06687183285551677,
           -0.004075047220846583,
           0.1965025866640304,
           0.14956759056865904,
           0.005766271433852198,
           -0.43431055485496217,
           0.15001105386318805,
           0.09638867326358468,
           0.4650076598498921,
           -0.08195986041039677,
           -0.05689411742146528,
           0.02596943205577369,
           0.026359081536273577,
           -0.02399907369540829,
           -0.030732289616129022,
           0.014111586981408795,
           -0.010132134425753678,
           0.012304135345847764,
           0.6280822162721275,
           -0.5139263890485448,
           -0.00961160380938436,
           -0.3033614208627167,
           -0.40529519929830915,
           0.405295199298309
          ],
          [
           -0.13905692846611858,
           -0.23732602089354699,
           1,
           -0.5845556152616298,
           -0.20101052875090467,
           -0.374516955074101,
           0.06948604429122428,
           0.12439390418734195,
           0.0525858513081203,
           -0.08310458044337897,
           -0.02928881358023709,
           0.05622856351023181,
           -0.013165848894558723,
           0.02732763817664849,
           -0.6366773441774103,
           -0.00864918968798721,
           0.04173913650975902,
           0.009196217502445512,
           -0.033179097002195346,
           -0.02330342937008144,
           0.2138353080052535,
           -0.13856049140365234,
           0.11277898691850778,
           -0.10610250258199312,
           -0.039246152470060136,
           0.05980983391727381,
           -0.00021972273579879244,
           -0.002181651542591123,
           0.09870882078203169,
           -0.09870882078203147
          ],
          [
           0.46099154814586263,
           0.2979903723276315,
           -0.5845556152616298,
           1,
           0.33200400856322243,
           0.31293159419949695,
           0.07272314473194053,
           -0.0007729526663681388,
           0.21835784125205518,
           0.06428655123719726,
           0.009968319859153685,
           -0.0779458813763002,
           -0.00871247276497872,
           -0.04616013774976604,
           0.6966735453685529,
           0.10959928060618178,
           -0.03114462422193041,
           -0.0007056898377908887,
           0.02251673723905805,
           0.003743423606503423,
           -0.14876630416713701,
           0.04436450924354764,
           0.008592457114781456,
           0.00011216600448468863,
           0.08331901465893345,
           -0.08871916539278998,
           -0.005691981598294008,
           -0.024462999144622403,
           -0.09105723440275444,
           0.09105723440275446
          ],
          [
           0.6106539379775359,
           0.21642000697322625,
           -0.20101052875090467,
           0.33200400856322243,
           1,
           0.012121098771628432,
           0.7897905221820838,
           0.020292106734533733,
           0.3480258887142082,
           0.04619344244547332,
           0.0075895858115888545,
           -0.01683675457034097,
           0.008028781048846469,
           -0.01515932054368912,
           0.5717511064871937,
           0.1371199381237308,
           -0.04251719678337623,
           0.006516498872991547,
           0.024883520427993105,
           0.0076273900241352,
           -0.02663744808896684,
           -0.022059410990558907,
           0.04460075701262286,
           -0.03211645341405148,
           0.01849230869338567,
           -0.0269492256801361,
           0.004918796293893628,
           -1.0555234953593426e-05,
           -0.04312187872379728,
           0.04312187872379728
          ],
          [
           0.2429303264889437,
           0.17225310135620095,
           -0.374516955074101,
           0.31293159419949695,
           0.012121098771628432,
           1,
           -0.6037584737414355,
           -0.02369341008811039,
           0.16416120694351155,
           0.047742019969515985,
           0.010684031552846309,
           0.038766457327668126,
           -0.05599857239682895,
           -0.11451104424284163,
           0.3830576335383919,
           0.09645557730773595,
           6.496079635131273e-05,
           -0.04804280132640463,
           0.04031407660218823,
           -0.032947247589441044,
           -0.04194983453671391,
           -0.026883471676740385,
           0.07731396395207277,
           -0.06881732943954416,
           0.00327822483668866,
           0.05003862453356023,
           0.0016127333928144753,
           -0.04188365686018537,
           -0.00436234694137224,
           0.004362346941372235
          ],
          [
           0.3378103749923923,
           0.06687183285551677,
           0.06948604429122428,
           0.07272314473194053,
           0.7897905221820838,
           -0.6037584737414355,
           1,
           0.030711444935477505,
           0.17675518994521033,
           0.007540614876712426,
           -0.0005032029560633199,
           -0.03720288348100368,
           0.04075149293864502,
           0.05815816007423027,
           0.22083889668659662,
           0.05014761479326501,
           -0.03393565745431859,
           0.03466561963762826,
           -0.004891744340477792,
           0.026291310152579826,
           0.0044968772968982385,
           -0.0010954274343193046,
           -0.011869188104369642,
           0.016609977652930367,
           0.012731612499097735,
           -0.05217939931135403,
           0.00293210593921129,
           0.025683930227332608,
           -0.03170191877941782,
           0.03170191877941764
          ],
          [
           0.08527944283020969,
           -0.004075047220846583,
           0.12439390418734195,
           -0.0007729526663681388,
           0.020292106734533733,
           -0.02369341008811039,
           0.030711444935477505,
           1,
           0.09153979504748479,
           2.853398149213932e-17,
           -1.2347530295526145e-17,
           -1.746414656043903e-18,
           2.726739623298062e-17,
           -1.7036154064989748e-17,
           -0.01033712461893537,
           0.022870663887269403,
           -1.1722022220270683e-17,
           -6.364172153989595e-17,
           6.346435512811781e-17,
           -4.9799209324680113e-17,
           3.180394581501263e-17,
           -1.9666302043718228e-17,
           3.0459629268145375e-17,
           -3.521405534926817e-17,
           1.954739062773886e-17,
           -2.281144818402156e-18,
           -1.6775653068056383e-18,
           -1.944576817796561e-17,
           -2.2391823370473515e-17,
           2.1932059882065022e-17
          ],
          [
           0.6280262545786435,
           0.1965025866640304,
           0.0525858513081203,
           0.21835784125205518,
           0.3480258887142082,
           0.16416120694351155,
           0.17675518994521033,
           0.09153979504748479,
           1,
           -2.1656268218337208e-19,
           3.3643627924017332e-19,
           1.5834193322880098e-19,
           -2.340918955320839e-19,
           1.3612378392772798e-19,
           0.43811152197659087,
           0.15990590036723132,
           8.422177302731027e-20,
           -1.2636623672836014e-20,
           6.795827677311306e-19,
           2.139599022496704e-19,
           2.729353427431683e-19,
           1.177272548254274e-19,
           -4.342759619336194e-19,
           -1.3484814023526992e-19,
           -1.6923222576956557e-19,
           3.3150887996364453e-19,
           -1.209516685295355e-21,
           -5.751621621914977e-20,
           4.398436529782074e-20,
           3.7875425673123426e-20
          ],
          [
           0.061630852920767906,
           0.14956759056865904,
           -0.08310458044337897,
           0.06428655123719726,
           0.04619344244547332,
           0.047742019969515985,
           0.007540614876712426,
           2.853398149213932e-17,
           -2.1656268218337208e-19,
           1,
           0.18351117751972776,
           -0.045172995163224025,
           0.3456753144170366,
           -0.33778793305380567,
           0.09680880969867423,
           -0.2161217812108652,
           -0.35026188845929446,
           -0.22298851118883825,
           0.4314184703813596,
           -0.09027053148590096,
           -0.0043120506541344744,
           0.02574473396901454,
           0.02112293031423243,
           -0.055105597906860364,
           -0.007478878347189126,
           -0.17169389339608893,
           0.022652379208455857,
           0.13896572313633204,
           -0.0026754114687927042,
           0.0026754114687927546
          ],
          [
           -0.0015679315145550206,
           0.005766271433852198,
           -0.02928881358023709,
           0.009968319859153685,
           0.0075895858115888545,
           0.010684031552846309,
           -0.0005032029560633199,
           -1.2347530295526145e-17,
           3.3643627924017332e-19,
           0.18351117751972776,
           1,
           -0.06817754687789775,
           0.10068864075055839,
           0.0013000509553386394,
           0.015245439603780348,
           -0.02061122105034481,
           -0.009464301364172043,
           -0.0004507701854115602,
           0.00785999675437201,
           -0.004016537619989292,
           -0.0036291615064712665,
           0.021354254053746167,
           -0.017000214128144436,
           0.004452645980496864,
           0.0034010044627656244,
           -0.03556239928504416,
           -0.0008174079857176884,
           0.023408792941309268,
           0.04716163523817914,
           -0.04716163523817916
          ],
          [
           -0.061678587185665226,
           -0.43431055485496217,
           0.05622856351023181,
           -0.0779458813763002,
           -0.01683675457034097,
           0.038766457327668126,
           -0.03720288348100368,
           -1.746414656043903e-18,
           1.5834193322880098e-19,
           -0.045172995163224025,
           -0.06817754687789775,
           1,
           -0.2345757210925405,
           -0.2943763757174181,
           -0.09247076523583195,
           0.1999404018998514,
           -0.12809880318238326,
           -0.11815677972316009,
           0.18485661564015957,
           -0.035717261338321774,
           0.03176104569996591,
           -0.05567117513797477,
           0.07835829276500646,
           -0.06967529679276802,
           -0.411354954170351,
           0.865561509088202,
           -0.003966216459978296,
           -0.20512223770119323,
           0.5351527231546108,
           -0.5351527231546116
          ],
          [
           0.0014007002190889724,
           0.15001105386318805,
           -0.013165848894558723,
           -0.00871247276497872,
           0.008028781048846469,
           -0.05599857239682895,
           0.04075149293864502,
           2.726739623298062e-17,
           -2.340918955320839e-19,
           0.3456753144170366,
           0.10068864075055839,
           -0.2345757210925405,
           1,
           0.5530017722772663,
           0.011067181056021478,
           -0.6093593164302066,
           -0.24315425230020826,
           -0.08647308711533248,
           0.25061950763030233,
           -0.06778817649381612,
           0.004462224605879498,
           -0.022025781770267948,
           -0.16783803050904175,
           0.2643764445326411,
           0.09389473625785189,
           -0.31735582856574085,
           0.00255586871853881,
           0.13827556910401054,
           -0.15201847646256272,
           0.1520184764625625
          ],
          [
           -0.03740153039307288,
           0.09638867326358468,
           0.02732763817664849,
           -0.04616013774976604,
           -0.01515932054368912,
           -0.11451104424284163,
           0.05815816007423027,
           -1.7036154064989748e-17,
           1.3612378392772798e-19,
           -0.33778793305380567,
           0.0013000509553386394,
           -0.2943763757174181,
           0.5530017722772663,
           1,
           -0.04017764666627093,
           -0.3461870164967877,
           0.252622185666945,
           0.18136007247712885,
           -0.34372916988068286,
           0.1725914360708902,
           0.0036393145828835234,
           -0.019075657504689883,
           -0.25058082843892565,
           0.3818856043231706,
           0.16326101013041866,
           -0.3045230544166805,
           -0.006172466503485067,
           0.05177482649513646,
           -0.23590651271190172,
           0.23590651271190152
          ],
          [
           0.8272240460165544,
           0.4650076598498921,
           -0.6366773441774103,
           0.6966735453685529,
           0.5717511064871937,
           0.3830576335383919,
           0.22083889668659662,
           -0.01033712461893537,
           0.43811152197659087,
           0.09680880969867423,
           0.015245439603780348,
           -0.09247076523583195,
           0.011067181056021478,
           -0.04017764666627093,
           1,
           0.18230036287221207,
           -0.06686793933454735,
           -0.004105525574766236,
           0.04979707046955494,
           0.01066686421819903,
           -0.09902753619244838,
           -0.01122279874071776,
           0.05085718807648432,
           -0.024179201474925315,
           0.10710346178275718,
           -0.10737541307343168,
           0.0002547206337254478,
           -0.03669328449045054,
           -0.11820251896416922,
           0.11820251896416897
          ],
          [
           0.24720104171874,
           -0.08195986041039677,
           -0.00864918968798721,
           0.10959928060618178,
           0.1371199381237308,
           0.09645557730773595,
           0.05014761479326501,
           0.022870663887269403,
           0.15990590036723132,
           -0.2161217812108652,
           -0.02061122105034481,
           0.1999404018998514,
           -0.6093593164302066,
           -0.3461870164967877,
           0.18230036287221207,
           1,
           0.34190023822706356,
           0.009024664530246918,
           -0.28638182522654393,
           0.19214965501381642,
           -0.015743128452778886,
           -0.01726583410458244,
           0.08605309822426682,
           -0.10139805581183725,
           -0.059430242385206764,
           0.26473664303020383,
           -0.004168152047934183,
           -0.13624961750890405,
           0.17679266355154585,
           -0.1767926635515461
          ],
          [
           -0.055747046411876694,
           -0.05689411742146528,
           0.04173913650975902,
           -0.03114462422193041,
           -0.04251719678337623,
           6.496079635131273e-05,
           -0.03393565745431859,
           -1.1722022220270683e-17,
           8.422177302731027e-20,
           -0.35026188845929446,
           -0.009464301364172043,
           -0.12809880318238326,
           -0.24315425230020826,
           0.252622185666945,
           -0.06686793933454735,
           0.34190023822706356,
           1,
           -0.0723020746138248,
           -0.6710982658177067,
           -0.015250846961010362,
           -0.005679593233812856,
           0.015380375546457471,
           -0.05129102935046187,
           0.061106962420966915,
           0.09750601645233761,
           -0.1040966855193603,
           -0.0023926805767026872,
           -0.02850758343572261,
           -0.1473610956338671,
           0.14736109563386746
          ],
          [
           0.002960844093174072,
           0.02596943205577369,
           0.009196217502445512,
           -0.0007056898377908887,
           0.006516498872991547,
           -0.04804280132640463,
           0.03466561963762826,
           -6.364172153989595e-17,
           -1.2636623672836014e-20,
           -0.22298851118883825,
           -0.0004507701854115602,
           -0.11815677972316009,
           -0.08647308711533248,
           0.18136007247712885,
           -0.004105525574766236,
           0.009024664530246918,
           -0.0723020746138248,
           1,
           -0.6725819121747918,
           -0.015284563131486236,
           -0.008363766611132471,
           0.014168865414636578,
           -0.02502538118492174,
           0.02522351720024058,
           0.06604700181142292,
           -0.10432681972790035,
           -0.0023979702518547442,
           0.006532980952702026,
           -0.1054157808339674,
           0.10541578083396756
          ],
          [
           0.039114104131010054,
           0.026359081536273577,
           -0.033179097002195346,
           0.02251673723905805,
           0.024883520427993105,
           0.04031407660218823,
           -0.004891744340477792,
           6.346435512811781e-17,
           6.795827677311306e-19,
           0.4314184703813596,
           0.00785999675437201,
           0.18485661564015957,
           0.25061950763030233,
           -0.34372916988068286,
           0.04979707046955494,
           -0.28638182522654393,
           -0.6710982658177067,
           -0.6725819121747918,
           1,
           -0.14186928751502106,
           0.010772308504517953,
           -0.022527403823313995,
           0.0687696222811747,
           -0.08122047224164218,
           -0.11604801557106528,
           0.15511392417700004,
           0.0035653207563982065,
           0.010067802959110219,
           0.1873056401276507,
           -0.18730564012765039
          ],
          [
           -0.004781634243299213,
           -0.02399907369540829,
           -0.02330342937008144,
           0.003743423606503423,
           0.0076273900241352,
           -0.032947247589441044,
           0.026291310152579826,
           -4.9799209324680113e-17,
           2.139599022496704e-19,
           -0.09027053148590096,
           -0.004016537619989292,
           -0.035717261338321774,
           -0.06778817649381612,
           0.1725914360708902,
           0.01066686421819903,
           0.19214965501381642,
           -0.015250846961010362,
           -0.015284563131486236,
           -0.14186928751502106,
           1,
           -0.0034273230552503693,
           0.006392921410553161,
           -0.08114652609578103,
           0.11270883101705416,
           -0.017170397019835193,
           -0.022005901906650176,
           -0.0005058095154727303,
           0.03584687115235456,
           -0.021886868903742657,
           0.021886868903742637
          ],
          [
           -0.0296801324540275,
           -0.030732289616129022,
           0.2138353080052535,
           -0.14876630416713701,
           -0.02663744808896684,
           -0.04194983453671391,
           0.0044968772968982385,
           3.180394581501263e-17,
           2.729353427431683e-19,
           -0.0043120506541344744,
           -0.0036291615064712665,
           0.03176104569996591,
           0.004462224605879498,
           0.0036393145828835234,
           -0.09902753619244838,
           -0.015743128452778886,
           -0.005679593233812856,
           -0.008363766611132471,
           0.010772308504517953,
           -0.0034273230552503693,
           1,
           -0.009758515028014782,
           -0.25294372865750137,
           -0.00962116782663767,
           -0.011232125001588258,
           0.03436163723671335,
           -0.0005377071401573752,
           -0.013785428916492405,
           0.02470738305175112,
           -0.024707383051751197
          ],
          [
           -0.11628494512676181,
           0.014111586981408795,
           -0.13856049140365234,
           0.04436450924354764,
           -0.022059410990558907,
           -0.026883471676740385,
           -0.0010954274343193046,
           -1.9666302043718228e-17,
           1.177272548254274e-19,
           0.02574473396901454,
           0.021354254053746167,
           -0.05567117513797477,
           -0.022025781770267948,
           -0.019075657504689883,
           -0.01122279874071776,
           -0.01726583410458244,
           0.015380375546457471,
           0.014168865414636578,
           -0.022527403823313995,
           0.006392921410553161,
           -0.009758515028014782,
           1,
           -0.6774758223637688,
           -0.025769006490282347,
           0.026174654528511858,
           -0.062283073768672,
           -0.0014401763937869952,
           0.018590736573795015,
           0.025065374675091276,
           -0.025065374675091283
          ],
          [
           0.16675334860022378,
           -0.010132134425753678,
           0.11277898691850778,
           0.008592457114781456,
           0.04460075701262286,
           0.07731396395207277,
           -0.011869188104369642,
           3.0459629268145375e-17,
           -4.342759619336194e-19,
           0.02112293031423243,
           -0.017000214128144436,
           0.07835829276500646,
           -0.16783803050904175,
           -0.25058082843892565,
           0.05085718807648432,
           0.08605309822426682,
           -0.05129102935046187,
           -0.02502538118492174,
           0.0687696222811747,
           -0.08114652609578103,
           -0.25294372865750137,
           -0.6774758223637688,
           1,
           -0.6679406207541877,
           -0.06285926600255362,
           0.07684012658835007,
           0.0021257974768192486,
           0.010933181492711665,
           0.0020327351753121653,
           -0.0020327351753121775
          ],
          [
           -0.11285877921720308,
           0.012304135345847764,
           -0.10610250258199312,
           0.00011216600448468863,
           -0.03211645341405148,
           -0.06881732943954416,
           0.016609977652930367,
           -3.521405534926817e-17,
           -1.3484814023526992e-19,
           -0.055105597906860364,
           0.004452645980496864,
           -0.06967529679276802,
           0.2643764445326411,
           0.3818856043231706,
           -0.024179201474925315,
           -0.10139805581183725,
           0.061106962420966915,
           0.02522351720024058,
           -0.08122047224164218,
           0.11270883101705416,
           -0.00962116782663767,
           -0.025769006490282347,
           -0.6679406207541877,
           1,
           0.06911711753700232,
           -0.06177488144750941,
           -0.0014199064862643724,
           -0.02938912006938667,
           -0.03791694088903103,
           0.03791694088903102
          ],
          [
           0.08296877325415321,
           0.6280822162721275,
           -0.039246152470060136,
           0.08331901465893345,
           0.01849230869338567,
           0.00327822483668866,
           0.012731612499097735,
           1.954739062773886e-17,
           -1.6923222576956557e-19,
           -0.007478878347189126,
           0.0034010044627656244,
           -0.411354954170351,
           0.09389473625785189,
           0.16326101013041866,
           0.10710346178275718,
           -0.059430242385206764,
           0.09750601645233761,
           0.06604700181142292,
           -0.11604801557106528,
           -0.017170397019835193,
           -0.011232125001588258,
           0.026174654528511858,
           -0.06285926600255362,
           0.06911711753700232,
           1,
           -0.47928615918872836,
           -0.011016476442566293,
           -0.7419708715326807,
           -0.3274850714499877,
           0.3274850714499882
          ],
          [
           -0.07583842236657358,
           -0.5139263890485448,
           0.05980983391727381,
           -0.08871916539278998,
           -0.0269492256801361,
           0.05003862453356023,
           -0.05217939931135403,
           -2.281144818402156e-18,
           3.3150887996364453e-19,
           -0.17169389339608893,
           -0.03556239928504416,
           0.865561509088202,
           -0.31735582856574085,
           -0.3045230544166805,
           -0.10737541307343168,
           0.26473664303020383,
           -0.1040966855193603,
           -0.10432681972790035,
           0.15511392417700004,
           -0.022005901906650176,
           0.03436163723671335,
           -0.062283073768672,
           0.07684012658835007,
           -0.06177488144750941,
           -0.47928615918872836,
           1,
           -0.003452470161131066,
           -0.2325273700488437,
           0.6131280985229975,
           -0.6131280985229973
          ],
          [
           -0.0002404074210688225,
           -0.00961160380938436,
           -0.00021972273579879244,
           -0.005691981598294008,
           0.004918796293893628,
           0.0016127333928144753,
           0.00293210593921129,
           -1.6775653068056383e-18,
           -1.209516685295355e-21,
           0.022652379208455857,
           -0.0008174079857176884,
           -0.003966216459978296,
           0.00255586871853881,
           -0.006172466503485067,
           0.0002547206337254478,
           -0.004168152047934183,
           -0.0023926805767026872,
           -0.0023979702518547442,
           0.0035653207563982065,
           -0.0005058095154727303,
           -0.0005377071401573752,
           -0.0014401763937869952,
           0.0021257974768192486,
           -0.0014199064862643724,
           -0.011016476442566293,
           -0.003452470161131066,
